[[[212 204 187]
  [212 204 187]
  [212 204 187]
  ...
  [212 204 187]
  [212 204 187]
  [212 204 187]]

 [[212 204 187]
  [212 204 187]
  [212 204 187]
  ...
  [212 204 187]
  [212 204 187]
  [212 204 187]]

 [[212 204 187]
  [212 204 187]
  [212 204 187]
  ...
  [212 204 187]
  [212 204 187]
  [212 204 187]]

 ...

 [[164 133 108]
  [160 136 106]
  [150 136 100]
  ...
  [156 135 104]
  [156 135 104]
  [156 135 104]]

 [[168 131 109]
  [158 134 104]
  [153 135 104]
  ...
  [156 135 104]
  [156 135 104]
  [156 135 104]]

 [[164 127 105]
  [158 132 102]
  [155 136 103]
  ...
  [156 135 104]
  [156 135 104]
  [156 135 104]]]